2961
4305
39
4119
277
3132
2188
1306
977
4651
282
1154
546
182
4825
2775
47
1370
3704
4448
3875
953
717
4475
702
3327
4642
991
2931
470
1910
3394
597
2370
2228
251
2414
2817
4045
335
3515
4057
2422
4847
135
2619
533
390
3031
1671
4115
2040
1918
512
3775
150
4361
3597
1186
426
2930
4454
291
1626
4981
1483
3489
801
4592
2336
1166
3823
3248
1661
4063
1712
1953
3966
803
4382
954
4971
1901
1871
2703
1695
4408
1686
3228
1250
2809
4954
1251
3844
488
130
498
2225
1665
1113
3277
4028
2423
2319
3582
3872
1646
1323
2905
2929
4372
447
2487
3126
3654
573
175
2008
4731
4090
4321
3762
4135
1811
4118
1887
563
1780
1129
4214
3841
4165
1255
1355
1727
1005
3811
1523
3092
3646
4840
2103
1328
683
2429
373
540
4608
623
2555
3639
150
2896
1551
2056
2923
4484
3892
3171
1362
1283
4477
1112
4096
3408
2280
1214
1441
22
4385
1724
2125
2513
4340
1661
906
4885
1387
387
3023
4087
3816
4066
4198
2315
470
4052
3806
1983
1906
4667
3666
1773
1889
2723
2899
3523
2428
1387
299
4714
3654
2462
3244
1651
758
2088
580
3132
1054
2387
3272
219
3924
4367
1096
2308
2548
3085
2942
1969
127
1041
4659
599
790
4443
1364
646
2671
875
4503
2693
1063
3659
1913
3634
827
602
1771
1059
2950
2376
3643
2494
2602
1504
2504
1303
3838
2328
3572
4238
175
89
4918
2078
1828
4530
3159
2053
323
4483
3172
811
3615
4260
2486
4729
2914
4982
540
4051
1124
1416
3559
3706
178
3130
723
852
1600
3750
2226
336
4540
2057
2863
2313
291
987
319
1981
1197
4924
2164
2012
3996
3739
1022
2714
4988
2400
3827
1098
2586
2172
1679
1484
3506
4838
280
3691
571
67
1753
2420
1954
957
3822
4732
3431
2815
2140
4292
1626
1100
2089
2387
1474
2761
2025
189
4879
741
542
2959
3877
3980
770
4606
3915
2028
2401
700
4934
2130
4400
66
1661
1235
4650
91
737
2454
764
4646
1697
975
3206
2715
1792
3819
2853
926
4912
1325
711
261
2330
2766
2378
914
1935
982
3203
3870
1405
1154
1968
927
2670
460
2634
4096
4090
2488
3780
4172
4493
2587
3446
3865
2026
2424
4040
2644
4980
645
395
1347
1089
2294
1160
2673
3294
4534
492
4668
3788
2536
3756
3051
4242
4371
4829
84
616
1495
2446
3987
4702
2111
1754
1980
2359
2010
1299
4963
4703
3568
4900
3932
2235
574
1825
4963
2147
697
2748
2277
706
886
4117
1022
3047
4457
4101
3244
4687
69
15
428
3844
3124
2739
3286
4948
2937
340
3067
3259
4858
4254
3281
472
4845
1024
1612
3547
1312
1191
236
4963
3579
2514
4886
4501
1853
2654
1229
2054
210
2682
3927
42
4154
932
2949
32
766
921
2481
932
75
2624
4724
1970
4118
2207
1843
3555
4508
727
4869
447
148
4528
3160
4475
4518
2793
4950
1882
2828
929
3391
3186
2147
1442
2853
860
922
2251
2753
4246
266
3619
64
240
2699
344
3985
1113
1408
2954
1760
1056
1510
3871
1277
4595
1809
1577
2325
4853
1989
2378
1344
3580
3013
806
298
1113
1800
418
3304
1662
222
2219
2719
3972
1342
735
2583
157
1535
4842
3660
4230
1972
2966
3646
1826
888
182
3050
2074
1325
357
3192
3299
3945
482
1144
2157
2078
1506
501
716
4631
4337
2225
2886
566
1965
2130
271
4072
3573
428
4076
2485
3580
1611
847
3256
4346
2586
1378
2219
2036
3091
1235
1345
3003
803
3615
3450
863
590
3740
2022
2197
2596
878
3523
4735
2572
1295
3870
4171
3565
3093
3699
4996
1392
2301
653
18
4454
3713
4288
3791
4694
2
1898
275
1374
4270
2211
2963
4891
4215
2647
1645
137
1927
1494
2254
4297
4273
3093
857
32
4833
2065
3017
2201
150
2084
15
739
1106
435
4715
2099
3104
247
4736
4749
78
828
2007
3144
1124
2525
1286
2739
1913
2954
2398
2846
47
455
2025
2551
2386
4398
2789
2821
4603
2458
3789
1102
1503
4177
1223
1552
12
3627
1131
808
309
734
3478
4792
1178
4168
262
1256
279
86
930
4832
3970
3208
4120
1447
363
641
536
1089
1145
4349
3455
1384
1350
1417
1795
318
4261
3108
2931
2544
2525
515
3825
2595
762
614
3958
3210
4489
2315
4216
4827
2846
1889
817
3535
2738
2065
4477
497
4496
2415
163
2543
3516
3833
1128
4272
3293
2142
518
1548
4730
1504
3283
4828
2930
687
3538
4423
4817
2714
249
3464
43
3441
3343
1801
2568
3631
2512
245
4044
474
1079
3359
3531
1357
4891
2576
396
2158
819
2178
2747
899
4551
308
1973
2572
2686
1676
3435
3850
3785
3562
1670
1389
2268
841
647
2747
1442
1674
4625
4430
1869
4985
1495
228
3376
3103
839
2490
3650
3283
4168
2863
4651
418
2037
4372
4164
3297
1270
3219
1678
3763
2027
1007
2646
4037
669
1271
1414
358
98
439
1073
1293
394
4665
3411
1933
2891
1425
841
3990
4665
2649
1693
3035
4782
4912
2776
3028
1141
4035
2681
377
3921
3945
1331
4593
3145
2521
2059
1362
4254
2145
178
2238
2058
3184
1662
85
48
1891
1902
447
2186
1887
3786
799
1332
4479
4526
1762
720
736
1492
1568
1345
1017
3158
3044
1132
1406
4843
4085
1002
1117
4544
476
2541
324
475
1366
3799
3749
2509
1872
3303
640
2022
2937
3430
2734
4742
4028
2420
3307
3702
2566
4883
1700
2365
4322
642
445
2415
618
1176
2189
31
93
2547
228
4784
310
1599
2291
4232
3065
2329
1418
4520
4195
252
3816
4559
1888
3543
3690
1345
3375
933
3217
1777
2961
2403
3541
1364
958
3141
849
3847
3427
4493
3128
3417
656
835
3336
1824
